100 Interleaving
Rank	Document
1	35
2	226
3	50
4	54
5	6
6	78
7	65
8	59
9	184
10	162
11	119
12	53
13	152
14	26
15	232
16	44
17	13
18	245
19	206
20	10
21	147
22	134
23	115
24	191
25	31
26	62
27	166
28	141
29	187
30	19
31	56
32	208
33	189
34	139
35	238
36	76
37	103
38	40
39	142
40	87
41	155
42	108
43	88
44	248
45	28
46	216
47	199
48	164
49	107
50	160
51	205
52	213
53	43
54	51
55	194
56	35
57	250
58	151
59	102
60	74
61	169
62	28
63	24
64	196
65	21
66	32
67	183
68	52
69	190
70	136
71	212
72	236
73	181
74	38
75	128
76	205
77	203
78	186
79	105
80	146
81	89
82	106
83	69
84	4
85	97
86	223
87	125
88	51
89	82
90	201
91	121
92	237
93	210
94	210
95	227
96	152
97	210
98	91
99	27
100	168

100 Comb sum result
Rank	Document	score
1	35		2.73
2	26		1.89
3	152		1.83
4	54		1.8
5	115		1.75
6	51		1.65
7	24		1.64
8	10		1.55
9	28		1.54
10	6		1.54
11	205		1.47
12	59		1.47
13	119		1.41
14	187		1.32
15	194		1.3
16	210		1.2
17	106		1.19
18	88		1.16
19	146		1.15
20	21		1.14
21	191		1.09
22	125		1.08
23	98		1.04
24	245		1.03
25	226		1
26	50		1
27	65		0.98
28	127		0.98
29	78		0.98
30	162		0.97
31	151		0.97
32	44		0.96
33	184		0.96
34	25		0.96
35	53		0.95
36	206		0.94
37	232		0.94
38	13		0.93
39	199		0.93
40	134		0.93
41	147		0.92
42	31		0.91
43	62		0.91
44	141		0.9
45	128		0.9
46	56		0.9
47	166		0.89
48	139		0.88
49	171		0.87
50	208		0.87
51	19		0.87
52	149		0.87
53	103		0.86
54	189		0.86
55	69		0.85
56	87		0.85
57	76		0.85
58	181		0.85
59	238		0.84
60	142		0.84
61	107		0.84
62	216		0.84
63	40		0.83
64	108		0.83
65	168		0.82
66	155		0.82
67	248		0.82
68	213		0.81
69	164		0.8
70	160		0.79
71	43		0.77
72	212		0.77
73	169		0.76
74	250		0.76
75	74		0.75
76	196		0.75
77	104		0.74
78	183		0.73
79	157		0.73
80	102		0.73
81	52		0.72
82	136		0.72
83	32		0.71
84	190		0.7
85	23		0.69
86	91		0.69
87	105		0.68
88	236		0.67
89	97		0.66
90	38		0.65
91	203		0.65
92	121		0.65
93	186		0.65
94	89		0.64
95	4		0.63
96	197		0.61
97	2		0.61
98	201		0.61
99	110		0.59
100	137		0.59

100 LCM result
Rank	Document	score
1	35		3.68
2	26		3.03
3	54		2.8
4	115		2.73
5	10		2.6
6	6		2.54
7	119		2.46
8	59		2.44
9	152		2.31
10	28		2.27
11	187		2.19
12	24		2.12
13	226		2
14	51		2
15	13		1.86
16	21		1.86
17	62		1.81
18	146		1.78
19	199		1.75
20	208		1.75
21	238		1.69
22	40		1.66
23	155		1.64
24	106		1.64
25	248		1.64
26	88		1.63
27	205		1.61
28	160		1.59
29	43		1.55
30	98		1.48
31	69		1.48
32	212		1.46
33	102		1.46
34	194		1.45
35	52		1.4
36	210		1.33
37	25		1.31
38	38		1.31
39	203		1.3
40	191		1.27
41	65		1.18
42	125		1.18
43	91		1.17
44	162		1.16
45	168		1.16
46	44		1.15
47	223		1.15
48	128		1.15
49	206		1.13
50	245		1.13
51	151		1.12
52	134		1.11
53	31		1.1
54	82		1.08
55	141		1.08
56	56		1.08
57	127		1.08
58	104		1.07
59	237		1.07
60	139		1.06
61	103		1.03
62	157		1.03
63	107		1.02
64	87		1.02
65	181		1.01
66	216		1
67	50		1
68	227		0.98
69	78		0.98
70	149		0.98
71	137		0.97
72	213		0.97
73	184		0.96
74	171		0.96
75	53		0.95
76	179		0.94
77	232		0.94
78	147		0.92
79	169		0.92
80	132		0.92
81	196		0.89
82	166		0.89
83	183		0.88
84	19		0.87
85	136		0.86
86	189		0.86
87	76		0.85
88	197		0.85
89	142		0.84
90	108		0.83
91	105		0.81
92	143		0.81
93	164		0.8
94	235		0.8
95	97		0.8
96	23		0.79
97	8		0.78
98	121		0.78
99	144		0.77
100	138		0.76
